import torch


def weight_dct(args,device):
    if args.block_size == 4:
        weight_dct = [
        0, 27, 97, 99, 27, 99, 107, 120, 97, 107, 128, 164, 99, 120, 164, 255, ]
    elif args.block_size == 8:
        weight_dct = [
        0, 27, 94, 94, 94, 94, 94, 95, 27, 94, 94, 95, 96, 97, 98, 99,
        94, 94, 95, 97, 99, 101, 104, 107, 94, 95, 97, 99, 103, 107, 113, 120,
        94, 96, 99, 103, 109, 116, 126, 138, 94, 97, 101, 107, 116, 128, 144, 164,
        94, 98, 104, 113, 126, 144, 168, 201, 95, 99, 107, 120, 138, 164, 201, 255, ]
    elif args.block_size == 12:
        weight_dct = [
        0, 27, 93, 93, 93, 93, 94, 94, 94, 94, 94, 94, 27, 93, 93, 94,
        94, 94, 94, 94, 95, 95, 96, 96, 93, 93, 94, 94, 94, 95, 95, 96,
        97, 97, 98, 99, 93, 94, 94, 94, 95, 96, 97, 98, 99, 101, 102, 104,
        93, 94, 94, 95, 96, 97, 99, 101, 103, 105, 108, 111, 93, 94, 95, 96,
        97, 99, 102, 104, 107, 111, 115, 120, 94, 94, 95, 97, 99, 102, 105, 109,
        113, 118, 124, 131, 94, 94, 96, 98, 101, 104, 109, 114, 120, 127, 136, 146,
        94, 95, 97, 99, 103, 107, 113, 120, 128, 138, 150, 164, 94, 95, 97, 101,
        105, 111, 118, 127, 138, 151, 168, 187, 94, 96, 98, 102, 108, 115, 124, 136,
        150, 168, 190, 217, 94, 96, 99, 104, 111, 120, 131, 146, 164, 187, 217, 255, ]
    elif args.block_size == 16:
        weight_dct = [
        0, 27, 93, 93, 93, 93, 93, 93, 93, 93, 93, 94, 94, 94, 94, 94,
        27, 93, 93, 93, 93, 94, 94, 94, 94, 94, 94, 94, 94, 94, 95, 95,
        93, 93, 93, 94, 94, 94, 94, 94, 94, 95, 95, 95, 96, 96, 96, 97,
        93, 93, 94, 94, 94, 94, 94, 95, 95, 96, 96, 97, 97, 98, 99, 99,
        93, 93, 94, 94, 94, 95, 95, 96, 96, 97, 98, 99, 100, 101, 102, 103,
        93, 94, 94, 94, 95, 95, 96, 97, 98, 99, 100, 101, 102, 104, 106, 107,
        93, 94, 94, 94, 95, 96, 97, 98, 99, 101, 102, 104, 106, 108, 110, 113,
        93, 94, 94, 95, 96, 97, 98, 99, 101, 103, 105, 107, 110, 113, 116, 120,
        93, 94, 94, 95, 96, 98, 99, 101, 103, 106, 108, 112, 115, 119, 123, 128,
        93, 94, 95, 96, 97, 99, 101, 103, 106, 109, 112, 116, 121, 126, 132, 138,
        93, 94, 95, 96, 98, 100, 102, 105, 108, 112, 117, 122, 128, 134, 142, 150,
        94, 94, 95, 97, 99, 101, 104, 107, 112, 116, 122, 128, 135, 144, 153, 164,
        94, 94, 96, 97, 100, 102, 106, 110, 115, 121, 128, 135, 145, 155, 167, 181,
        94, 94, 96, 98, 101, 104, 108, 113, 119, 126, 134, 144, 155, 168, 183, 201,
        94, 95, 96, 99, 102, 106, 110, 116, 123, 132, 142, 153, 167, 183, 203, 225,
        94, 95, 97, 99, 103, 107, 113, 120, 128, 138, 150, 164, 181, 201, 225, 255, ]
    elif args.block_size == 20:
        weight_dct = [
        0, 27, 93, 93, 93, 93, 93, 93, 93, 93, 93, 93, 93, 93, 93, 93,
        93, 93, 94, 94, 27, 93, 93, 93, 93, 93, 93, 93, 93, 94, 94, 94,
        94, 94, 94, 94, 94, 94, 94, 94, 93, 93, 93, 93, 93, 93, 94, 94,
        94, 94, 94, 94, 94, 94, 95, 95, 95, 95, 95, 95, 93, 93, 93, 93,
        94, 94, 94, 94, 94, 94, 94, 95, 95, 95, 95, 96, 96, 96, 97, 97,
        93, 93, 93, 94, 94, 94, 94, 94, 95, 95, 95, 95, 96, 96, 97, 97,
        98, 98, 99, 99, 93, 93, 93, 94, 94, 94, 94, 95, 95, 95, 96, 96,
        97, 98, 98, 99, 100, 100, 101, 102, 93, 93, 94, 94, 94, 94, 95, 95,
        96, 96, 97, 98, 98, 99, 100, 101, 102, 103, 104, 106, 93, 93, 94, 94,
        94, 95, 95, 96, 96, 97, 98, 99, 100, 101, 102, 103, 105, 106, 108, 110,
        93, 93, 94, 94, 95, 95, 96, 96, 97, 98, 99, 100, 102, 103, 105, 106,
        108, 110, 112, 114, 93, 94, 94, 94, 95, 95, 96, 97, 98, 99, 101, 102,
        104, 106, 107, 110, 112, 114, 117, 120, 93, 94, 94, 94, 95, 96, 97, 98,
        99, 101, 102, 104, 106, 108, 111, 113, 116, 119, 123, 126, 93, 94, 94, 95,
        95, 96, 98, 99, 100, 102, 104, 106, 109, 111, 114, 118, 121, 125, 129, 134,
        93, 94, 94, 95, 96, 97, 98, 100, 102, 104, 106, 109, 112, 115, 118, 122,
        127, 132, 137, 143, 93, 94, 94, 95, 96, 98, 99, 101, 103, 106, 108, 111,
        115, 119, 123, 128, 133, 139, 145, 153, 93, 94, 95, 95, 97, 98, 100, 102,
        105, 107, 111, 114, 118, 123, 128, 134, 140, 147, 155, 164, 93, 94, 95, 96,
        97, 99, 101, 103, 106, 110, 113, 118, 122, 128, 134, 141, 148, 157, 167, 177,
        93, 94, 95, 96, 98, 100, 102, 105, 108, 112, 116, 121, 127, 133, 140, 148,
        158, 168, 180, 193, 93, 94, 95, 96, 98, 100, 103, 106, 110, 114, 119, 125,
        132, 139, 147, 157, 168, 180, 194, 210, 94, 94, 95, 97, 99, 101, 104, 108,
        112, 117, 123, 129, 137, 145, 155, 167, 180, 194, 211, 231, 94, 94, 95, 97,
        99, 102, 106, 110, 114, 120, 126, 134, 143, 153, 164, 177, 193, 210, 231, 255, ]
    elif args.block_size == 24:
        weight_dct = [
        0, 27, 93, 93, 93, 93, 93, 93, 93, 93, 93, 93, 93, 93, 93, 93,
        93, 93, 93, 93, 93, 93, 93, 93, 27, 93, 93, 93, 93, 93, 93, 93,
        93, 93, 93, 93, 94, 94, 94, 94, 94, 94, 94, 94, 94, 94, 94, 94,
        93, 93, 93, 93, 93, 93, 93, 93, 94, 94, 94, 94, 94, 94, 94, 94,
        94, 94, 94, 94, 94, 95, 95, 95, 93, 93, 93, 93, 93, 93, 94, 94,
        94, 94, 94, 94, 94, 94, 94, 94, 95, 95, 95, 95, 95, 96, 96, 96,
        93, 93, 93, 93, 93, 94, 94, 94, 94, 94, 94, 94, 95, 95, 95, 95,
        95, 96, 96, 96, 96, 97, 97, 97, 93, 93, 93, 93, 94, 94, 94, 94,
        94, 94, 95, 95, 95, 95, 96, 96, 96, 97, 97, 97, 98, 98, 99, 99,
        93, 93, 93, 94, 94, 94, 94, 94, 94, 95, 95, 95, 96, 96, 96, 97,
        97, 98, 98, 99, 100, 100, 101, 102, 93, 93, 93, 94, 94, 94, 94, 94,
        95, 95, 96, 96, 96, 97, 97, 98, 99, 99, 100, 101, 102, 102, 103, 104,
        93, 93, 94, 94, 94, 94, 94, 95, 95, 96, 96, 97, 97, 98, 99, 99,
        100, 101, 102, 103, 104, 105, 106, 107, 93, 93, 94, 94, 94, 94, 95, 95,
        96, 96, 97, 97, 98, 99, 100, 101, 102, 103, 104, 105, 107, 108, 110, 111,
        93, 93, 94, 94, 94, 95, 95, 96, 96, 97, 98, 98, 99, 100, 101, 102,
        104, 105, 107, 108, 110, 111, 113, 115, 93, 93, 94, 94, 94, 95, 95, 96,
        97, 97, 98, 99, 100, 102, 103, 104, 106, 107, 109, 111, 113, 115, 118, 120,
        93, 94, 94, 94, 95, 95, 96, 96, 97, 98, 99, 100, 102, 103, 105, 106,
        108, 110, 112, 115, 117, 120, 122, 125, 93, 94, 94, 94, 95, 95, 96, 97,
        98, 99, 100, 102, 103, 105, 107, 109, 111, 113, 116, 118, 121, 124, 128, 131,
        93, 94, 94, 94, 95, 96, 96, 97, 99, 100, 101, 103, 105, 107, 109, 111,
        114, 116, 119, 123, 126, 130, 134, 138, 93, 94, 94, 94, 95, 96, 97, 98,
        99, 101, 102, 104, 106, 109, 111, 114, 117, 120, 123, 127, 131, 136, 141, 146,
        93, 94, 94, 95, 95, 96, 97, 99, 100, 102, 104, 106, 108, 111, 114, 117,
        120, 124, 128, 132, 137, 143, 148, 154, 93, 94, 94, 95, 96, 97, 98, 99,
        101, 103, 105, 107, 110, 113, 116, 120, 124, 128, 133, 138, 144, 150, 157, 164,
        93, 94, 94, 95, 96, 97, 98, 100, 102, 104, 107, 109, 112, 116, 119, 123,
        128, 133, 138, 144, 151, 158, 166, 175, 93, 94, 94, 95, 96, 97, 99, 101,
        103, 105, 108, 111, 115, 118, 123, 127, 132, 138, 144, 151, 159, 168, 177, 187,
        93, 94, 94, 95, 96, 98, 100, 102, 104, 107, 110, 113, 117, 121, 126, 131,
        137, 144, 151, 159, 168, 178, 189, 201, 93, 94, 95, 96, 97, 98, 100, 102,
        105, 108, 111, 115, 120, 124, 130, 136, 143, 150, 158, 168, 178, 190, 202, 217,
        93, 94, 95, 96, 97, 99, 101, 103, 106, 110, 113, 118, 122, 128, 134, 141,
        148, 157, 166, 177, 189, 202, 218, 235, 93, 94, 95, 96, 97, 99, 102, 104,
        107, 111, 115, 120, 125, 131, 138, 146, 154, 164, 175, 187, 201, 217, 235, 255, ]
    elif args.block_size == 28:
        weight_dct = [
        0, 27, 93, 93, 93, 93, 93, 93, 93, 93, 93, 93, 93, 93, 93, 93,
        93, 93, 93, 93, 93, 93, 93, 93, 93, 93, 93, 93, 27, 93, 93, 93,
        93, 93, 93, 93, 93, 93, 93, 93, 93, 93, 93, 93, 93, 94, 94, 94,
        94, 94, 94, 94, 94, 94, 94, 94, 93, 93, 93, 93, 93, 93, 93, 93,
        93, 93, 93, 94, 94, 94, 94, 94, 94, 94, 94, 94, 94, 94, 94, 94,
        94, 94, 94, 94, 93, 93, 93, 93, 93, 93, 93, 93, 94, 94, 94, 94,
        94, 94, 94, 94, 94, 94, 94, 94, 94, 94, 95, 95, 95, 95, 95, 95,
        93, 93, 93, 93, 93, 93, 93, 94, 94, 94, 94, 94, 94, 94, 94, 94,
        94, 95, 95, 95, 95, 95, 95, 96, 96, 96, 96, 96, 93, 93, 93, 93,
        93, 94, 94, 94, 94, 94, 94, 94, 94, 94, 95, 95, 95, 95, 95, 96,
        96, 96, 96, 97, 97, 97, 97, 98, 93, 93, 93, 93, 93, 94, 94, 94,
        94, 94, 94, 94, 95, 95, 95, 95, 95, 96, 96, 96, 97, 97, 97, 98,
        98, 99, 99, 99, 93, 93, 93, 93, 94, 94, 94, 94, 94, 94, 94, 95,
        95, 95, 96, 96, 96, 97, 97, 97, 98, 98, 99, 99, 100, 100, 101, 101,
        93, 93, 93, 94, 94, 94, 94, 94, 94, 95, 95, 95, 95, 96, 96, 97,
        97, 97, 98, 98, 99, 99, 100, 101, 101, 102, 103, 104, 93, 93, 93, 94,
        94, 94, 94, 94, 95, 95, 95, 96, 96, 96, 97, 97, 98, 98, 99, 100,
        100, 101, 102, 103, 103, 104, 105, 106, 93, 93, 93, 94, 94, 94, 94, 94,
        95, 95, 96, 96, 96, 97, 98, 98, 99, 99, 100, 101, 102, 103, 104, 105,
        106, 107, 108, 109, 93, 93, 94, 94, 94, 94, 94, 95, 95, 96, 96, 97,
        97, 98, 98, 99, 100, 101, 102, 103, 104, 105, 106, 107, 108, 109, 111, 112,
        93, 93, 94, 94, 94, 94, 95, 95, 95, 96, 96, 97, 98, 99, 99, 100,
        101, 102, 103, 104, 105, 107, 108, 109, 111, 112, 114, 116, 93, 93, 94, 94,
        94, 94, 95, 95, 96, 96, 97, 98, 99, 99, 100, 101, 102, 104, 105, 106,
        107, 109, 111, 112, 114, 116, 118, 120, 93, 93, 94, 94, 94, 95, 95, 96,
        96, 97, 98, 98, 99, 100, 101, 103, 104, 105, 107, 108, 110, 111, 113, 115,
        117, 120, 122, 124, 93, 93, 94, 94, 94, 95, 95, 96, 97, 97, 98, 99,
        100, 101, 103, 104, 105, 107, 109, 110, 112, 114, 116, 119, 121, 124, 127, 130,
        93, 93, 94, 94, 94, 95, 95, 96, 97, 98, 99, 100, 101, 102, 104, 105,
        107, 109, 111, 113, 115, 117, 120, 122, 125, 128, 132, 135, 93, 94, 94, 94,
        95, 95, 96, 97, 97, 98, 99, 101, 102, 104, 105, 107, 109, 111, 113, 115,
        118, 121, 123, 127, 130, 133, 137, 141, 93, 94, 94, 94, 95, 95, 96, 97,
        98, 99, 100, 102, 103, 105, 107, 109, 111, 113, 115, 118, 121, 124, 127, 131,
        135, 139, 143, 148, 93, 94, 94, 94, 95, 96, 96, 97, 98, 100, 101, 103,
        104, 106, 108, 110, 113, 115, 118, 121, 124, 128, 132, 136, 140, 145, 150, 156,
        93, 94, 94, 94, 95, 96, 97, 98, 99, 100, 102, 104, 105, 107, 110, 112,
        115, 118, 121, 124, 128, 132, 137, 141, 146, 152, 158, 164, 93, 94, 94, 94,
        95, 96, 97, 98, 99, 101, 103, 105, 107, 109, 111, 114, 117, 121, 124, 128,
        132, 137, 142, 147, 153, 159, 166, 173, 93, 94, 94, 95, 95, 96, 97, 99,
        100, 102, 104, 106, 108, 111, 113, 116, 120, 123, 127, 132, 137, 142, 147, 154,
        160, 167, 175, 184, 93, 94, 94, 95, 96, 97, 98, 99, 101, 103, 105, 107,
        109, 112, 115, 119, 122, 127, 131, 136, 141, 147, 154, 160, 168, 176, 185, 195,
        93, 94, 94, 95, 96, 97, 98, 100, 101, 103, 106, 108, 111, 114, 117, 121,
        125, 130, 135, 140, 146, 153, 160, 168, 177, 186, 196, 208, 93, 94, 94, 95,
        96, 97, 99, 100, 102, 104, 107, 109, 112, 116, 120, 124, 128, 133, 139, 145,
        152, 159, 167, 176, 186, 197, 209, 222, 93, 94, 94, 95, 96, 97, 99, 101,
        103, 105, 108, 111, 114, 118, 122, 127, 132, 137, 143, 150, 158, 166, 175, 185,
        196, 209, 222, 237, 93, 94, 94, 95, 96, 98, 99, 101, 104, 106, 109, 112,
        116, 120, 124, 130, 135, 141, 148, 156, 164, 173, 184, 195, 208, 222, 237, 255, ]
    elif args.block_size == 32:
        weight_dct = [
        0, 27, 93, 93, 93, 93, 93, 93, 93, 93, 93, 93, 93, 93, 93, 93,
        93, 93, 93, 93, 93, 93, 93, 93, 93, 93, 93, 93, 93, 93, 93, 93,
        27, 93, 93, 93, 93, 93, 93, 93, 93, 93, 93, 93, 93, 93, 93, 93,
        93, 93, 93, 93, 93, 93, 93, 94, 94, 94, 94, 94, 94, 94, 94, 94,
        93, 93, 93, 93, 93, 93, 93, 93, 93, 93, 93, 93, 93, 93, 93, 94,
        94, 94, 94, 94, 94, 94, 94, 94, 94, 94, 94, 94, 94, 94, 94, 94,
        93, 93, 93, 93, 93, 93, 93, 93, 93, 93, 93, 94, 94, 94, 94, 94,
        94, 94, 94, 94, 94, 94, 94, 94, 94, 94, 94, 94, 95, 95, 95, 95,
        93, 93, 93, 93, 93, 93, 93, 93, 93, 94, 94, 94, 94, 94, 94, 94,
        94, 94, 94, 94, 94, 94, 94, 95, 95, 95, 95, 95, 95, 95, 95, 96,
        93, 93, 93, 93, 93, 93, 93, 94, 94, 94, 94, 94, 94, 94, 94, 94,
        94, 94, 94, 95, 95, 95, 95, 95, 95, 96, 96, 96, 96, 96, 96, 97,
        93, 93, 93, 93, 93, 93, 94, 94, 94, 94, 94, 94, 94, 94, 94, 94,
        95, 95, 95, 95, 95, 95, 96, 96, 96, 96, 97, 97, 97, 97, 98, 98,
        93, 93, 93, 93, 93, 94, 94, 94, 94, 94, 94, 94, 94, 94, 95, 95,
        95, 95, 95, 96, 96, 96, 96, 97, 97, 97, 98, 98, 98, 99, 99, 99,
        93, 93, 93, 93, 93, 94, 94, 94, 94, 94, 94, 94, 95, 95, 95, 95,
        95, 96, 96, 96, 97, 97, 97, 98, 98, 98, 99, 99, 100, 100, 101, 101,
        93, 93, 93, 93, 94, 94, 94, 94, 94, 94, 94, 95, 95, 95, 95, 96,
        96, 96, 97, 97, 97, 98, 98, 99, 99, 100, 100, 101, 101, 102, 102, 103,
        93, 93, 93, 93, 94, 94, 94, 94, 94, 94, 95, 95, 95, 95, 96, 96,
        96, 97, 97, 98, 98, 99, 99, 100, 100, 101, 102, 102, 103, 104, 104, 105,
        93, 93, 93, 94, 94, 94, 94, 94, 94, 95, 95, 95, 96, 96, 96, 97,
        97, 98, 98, 99, 99, 100, 100, 101, 102, 102, 103, 104, 105, 106, 107, 107,
        93, 93, 93, 94, 94, 94, 94, 94, 95, 95, 95, 96, 96, 96, 97, 97,
        98, 98, 99, 100, 100, 101, 102, 102, 103, 104, 105, 106, 107, 108, 109, 110,
        93, 93, 93, 94, 94, 94, 94, 94, 95, 95, 95, 96, 96, 97, 97, 98,
        99, 99, 100, 101, 101, 102, 103, 104, 105, 106, 107, 108, 109, 110, 112, 113,
        93, 93, 93, 94, 94, 94, 94, 95, 95, 95, 96, 96, 97, 97, 98, 99,
        99, 100, 101, 102, 103, 104, 105, 106, 107, 108, 109, 110, 112, 113, 115, 116,
        93, 93, 94, 94, 94, 94, 94, 95, 95, 96, 96, 97, 97, 98, 99, 99,
        100, 101, 102, 103, 104, 105, 106, 107, 109, 110, 112, 113, 115, 116, 118, 120,
        93, 93, 94, 94, 94, 94, 95, 95, 95, 96, 96, 97, 98, 99, 99, 100,
        101, 102, 103, 104, 105, 107, 108, 109, 111, 113, 114, 116, 118, 120, 122, 124,
        93, 93, 94, 94, 94, 94, 95, 95, 96, 96, 97, 98, 98, 99, 100, 101,
        102, 103, 104, 106, 107, 108, 110, 112, 113, 115, 117, 119, 121, 123, 126, 128,
        93, 93, 94, 94, 94, 94, 95, 95, 96, 97, 97, 98, 99, 100, 101, 102,
        103, 104, 106, 107, 109, 110, 112, 114, 116, 118, 120, 122, 125, 127, 130, 133,
        93, 93, 94, 94, 94, 95, 95, 96, 96, 97, 98, 99, 100, 101, 102, 103,
        104, 106, 107, 109, 110, 112, 114, 116, 119, 121, 123, 126, 129, 132, 135, 138,
        93, 93, 94, 94, 94, 95, 95, 96, 97, 97, 98, 99, 100, 101, 103, 104,
        105, 107, 109, 110, 112, 114, 117, 119, 122, 124, 127, 130, 133, 136, 140, 144,
        93, 93, 94, 94, 94, 95, 95, 96, 97, 98, 99, 100, 101, 102, 104, 105,
        107, 108, 110, 112, 114, 117, 119, 122, 125, 128, 131, 134, 138, 142, 146, 150,
        93, 93, 94, 94, 94, 95, 96, 96, 97, 98, 99, 100, 102, 103, 105, 106,
        108, 110, 112, 114, 117, 119, 122, 125, 128, 131, 135, 139, 143, 147, 152, 157,
        93, 94, 94, 94, 95, 95, 96, 97, 98, 99, 100, 101, 102, 104, 106, 107,
        109, 112, 114, 116, 119, 122, 125, 128, 132, 135, 140, 144, 148, 153, 159, 164,
        93, 94, 94, 94, 95, 95, 96, 97, 98, 99, 100, 102, 103, 105, 107, 109,
        111, 113, 116, 119, 122, 125, 128, 132, 136, 140, 144, 149, 154, 160, 166, 172,
        93, 94, 94, 94, 95, 96, 96, 97, 98, 100, 101, 102, 104, 106, 108, 110,
        113, 115, 118, 121, 124, 128, 131, 135, 140, 145, 150, 155, 161, 167, 174, 181,
        93, 94, 94, 94, 95, 96, 97, 98, 99, 100, 102, 103, 105, 107, 109, 112,
        114, 117, 120, 123, 127, 131, 135, 140, 144, 150, 155, 161, 168, 175, 182, 191,
        93, 94, 94, 94, 95, 96, 97, 98, 99, 101, 102, 104, 106, 108, 110, 113,
        116, 119, 122, 126, 130, 134, 139, 144, 149, 155, 161, 168, 175, 183, 192, 201,
        93, 94, 94, 95, 95, 96, 97, 98, 100, 101, 103, 105, 107, 109, 112, 115,
        118, 121, 125, 129, 133, 138, 143, 148, 154, 161, 168, 175, 184, 193, 202, 213,
        93, 94, 94, 95, 95, 96, 97, 99, 100, 102, 104, 106, 108, 110, 113, 116,
        120, 123, 127, 132, 136, 142, 147, 153, 160, 167, 175, 183, 193, 203, 214, 225,
        93, 94, 94, 95, 95, 96, 98, 99, 101, 102, 104, 107, 109, 112, 115, 118,
        122, 126, 130, 135, 140, 146, 152, 159, 166, 174, 182, 192, 202, 214, 226, 239,
        93, 94, 94, 95, 96, 97, 98, 99, 101, 103, 105, 107, 110, 113, 116, 120,
        124, 128, 133, 138, 144, 150, 157, 164, 172, 181, 191, 201, 213, 225, 239, 255, ]
    elif args.block_size == 36:
        weight_dct = [
        0, 27, 93, 93, 93, 93, 93, 93, 93, 93, 93, 93, 93, 93, 93, 93,
        93, 93, 93, 93, 93, 93, 93, 93, 93, 93, 93, 93, 93, 93, 93, 93,
        93, 93, 93, 93, 27, 93, 93, 93, 93, 93, 93, 93, 93, 93, 93, 93,
        93, 93, 93, 93, 93, 93, 93, 93, 93, 93, 93, 93, 93, 93, 93, 93,
        93, 94, 94, 94, 94, 94, 94, 94, 93, 93, 93, 93, 93, 93, 93, 93,
        93, 93, 93, 93, 93, 93, 93, 93, 93, 93, 93, 94, 94, 94, 94, 94,
        94, 94, 94, 94, 94, 94, 94, 94, 94, 94, 94, 94, 93, 93, 93, 93,
        93, 93, 93, 93, 93, 93, 93, 93, 93, 93, 94, 94, 94, 94, 94, 94,
        94, 94, 94, 94, 94, 94, 94, 94, 94, 94, 94, 94, 94, 94, 94, 94,
        93, 93, 93, 93, 93, 93, 93, 93, 93, 93, 93, 94, 94, 94, 94, 94,
        94, 94, 94, 94, 94, 94, 94, 94, 94, 94, 94, 94, 94, 95, 95, 95,
        95, 95, 95, 95, 93, 93, 93, 93, 93, 93, 93, 93, 93, 94, 94, 94,
        94, 94, 94, 94, 94, 94, 94, 94, 94, 94, 94, 94, 95, 95, 95, 95,
        95, 95, 95, 95, 96, 96, 96, 96, 93, 93, 93, 93, 93, 93, 93, 93,
        94, 94, 94, 94, 94, 94, 94, 94, 94, 94, 94, 94, 95, 95, 95, 95,
        95, 95, 95, 95, 96, 96, 96, 96, 96, 97, 97, 97, 93, 93, 93, 93,
        93, 93, 93, 94, 94, 94, 94, 94, 94, 94, 94, 94, 94, 94, 95, 95,
        95, 95, 95, 95, 96, 96, 96, 96, 96, 97, 97, 97, 97, 98, 98, 98,
        93, 93, 93, 93, 93, 93, 94, 94, 94, 94, 94, 94, 94, 94, 94, 94,
        95, 95, 95, 95, 95, 96, 96, 96, 96, 96, 97, 97, 97, 97, 98, 98,
        98, 99, 99, 99, 93, 93, 93, 93, 93, 94, 94, 94, 94, 94, 94, 94,
        94, 94, 95, 95, 95, 95, 95, 96, 96, 96, 96, 97, 97, 97, 97, 98,
        98, 98, 99, 99, 100, 100, 100, 101, 93, 93, 93, 93, 93, 94, 94, 94,
        94, 94, 94, 94, 94, 95, 95, 95, 95, 96, 96, 96, 96, 97, 97, 97,
        98, 98, 98, 99, 99, 100, 100, 100, 101, 101, 102, 102, 93, 93, 93, 93,
        94, 94, 94, 94, 94, 94, 94, 94, 95, 95, 95, 95, 96, 96, 96, 97,
        97, 97, 98, 98, 98, 99, 99, 100, 100, 101, 101, 102, 102, 103, 104, 104,
        93, 93, 93, 93, 94, 94, 94, 94, 94, 94, 94, 95, 95, 95, 95, 96,
        96, 96, 97, 97, 98, 98, 98, 99, 99, 100, 100, 101, 102, 102, 103, 103,
        104, 105, 106, 106, 93, 93, 93, 93, 94, 94, 94, 94, 94, 94, 95, 95,
        95, 95, 96, 96, 97, 97, 97, 98, 98, 99, 99, 100, 100, 101, 102, 102,
        103, 104, 104, 105, 106, 107, 108, 109, 93, 93, 93, 94, 94, 94, 94, 94,
        94, 95, 95, 95, 95, 96, 96, 97, 97, 97, 98, 98, 99, 100, 100, 101,
        102, 102, 103, 104, 104, 105, 106, 107, 108, 109, 110, 111, 93, 93, 93, 94,
        94, 94, 94, 94, 94, 95, 95, 95, 96, 96, 97, 97, 98, 98, 99, 99,
        100, 100, 101, 102, 103, 103, 104, 105, 106, 107, 108, 109, 110, 111, 113, 114,
        93, 93, 93, 94, 94, 94, 94, 94, 95, 95, 95, 96, 96, 97, 97, 98,
        98, 99, 99, 100, 101, 101, 102, 103, 104, 105, 106, 107, 108, 109, 110, 111,
        113, 114, 115, 117, 93, 93, 93, 94, 94, 94, 94, 94, 95, 95, 96, 96,
        96, 97, 97, 98, 99, 99, 100, 101, 102, 102, 103, 104, 105, 106, 107, 109,
        110, 111, 112, 114, 115, 117, 118, 120, 93, 93, 93, 94, 94, 94, 94, 95,
        95, 95, 96, 96, 97, 97, 98, 99, 99, 100, 101, 102, 103, 104, 105, 106,
        107, 108, 109, 111, 112, 113, 115, 116, 118, 120, 122, 123, 93, 93, 94, 94,
        94, 94, 94, 95, 95, 96, 96, 97, 97, 98, 98, 99, 100, 101, 102, 103,
        104, 105, 106, 107, 108, 110, 111, 113, 114, 116, 117, 119, 121, 123, 125, 127,
        93, 93, 94, 94, 94, 94, 95, 95, 95, 96, 96, 97, 98, 98, 99, 100,
        101, 102, 103, 104, 105, 106, 107, 109, 110, 112, 113, 115, 116, 118, 120, 122,
        124, 127, 129, 131, 93, 93, 94, 94, 94, 94, 95, 95, 96, 96, 97, 97,
        98, 99, 100, 100, 101, 102, 104, 105, 106, 107, 109, 110, 112, 113, 115, 117,
        119, 121, 123, 126, 128, 130, 133, 136, 93, 93, 94, 94, 94, 94, 95, 95,
        96, 96, 97, 98, 98, 99, 100, 101, 102, 103, 105, 106, 107, 109, 110, 112,
        114, 116, 118, 120, 122, 124, 126, 129, 132, 135, 137, 141, 93, 93, 94, 94,
        94, 94, 95, 95, 96, 97, 97, 98, 99, 100, 101, 102, 103, 104, 106, 107,
        109, 110, 112, 114, 116, 118, 120, 122, 125, 127, 130, 133, 136, 139, 142, 146,
        93, 93, 94, 94, 94, 95, 95, 96, 96, 97, 98, 98, 99, 100, 102, 103,
        104, 105, 107, 108, 110, 112, 114, 116, 118, 120, 123, 125, 128, 131, 134, 137,
        140, 144, 147, 151, 93, 93, 94, 94, 94, 95, 95, 96, 96, 97, 98, 99,
        100, 101, 102, 103, 105, 106, 108, 110, 112, 113, 116, 118, 120, 123, 125, 128,
        131, 134, 138, 141, 145, 149, 153, 158, 93, 93, 94, 94, 94, 95, 95, 96,
        97, 97, 98, 99, 100, 102, 103, 104, 106, 107, 109, 111, 113, 115, 118, 120,
        123, 125, 128, 131, 135, 138, 142, 146, 150, 154, 159, 164, 93, 93, 94, 94,
        94, 95, 95, 96, 97, 98, 99, 100, 101, 102, 104, 105, 107, 109, 111, 113,
        115, 117, 120, 122, 125, 128, 131, 135, 138, 142, 146, 151, 155, 160, 166, 171,
        93, 93, 94, 94, 94, 95, 96, 96, 97, 98, 99, 100, 102, 103, 104, 106,
        108, 110, 112, 114, 116, 119, 122, 125, 128, 131, 135, 138, 142, 147, 151, 156,
        161, 167, 173, 179, 93, 94, 94, 94, 95, 95, 96, 97, 97, 98, 100, 101,
        102, 104, 105, 107, 109, 111, 113, 116, 118, 121, 124, 127, 131, 134, 138, 142,
        147, 151, 156, 162, 168, 174, 180, 187, 93, 94, 94, 94, 95, 95, 96, 97,
        98, 99, 100, 101, 103, 104, 106, 108, 110, 112, 115, 117, 120, 123, 126, 130,
        134, 138, 142, 146, 151, 156, 162, 168, 174, 181, 189, 196, 93, 94, 94, 94,
        95, 95, 96, 97, 98, 99, 100, 102, 103, 105, 107, 109, 111, 114, 116, 119,
        122, 126, 129, 133, 137, 141, 146, 151, 156, 162, 168, 175, 182, 189, 197, 206,
        93, 94, 94, 94, 95, 96, 96, 97, 98, 100, 101, 102, 104, 106, 108, 110,
        113, 115, 118, 121, 124, 128, 132, 136, 140, 145, 150, 155, 161, 168, 174, 182,
        190, 198, 207, 217, 93, 94, 94, 94, 95, 96, 97, 98, 99, 100, 101, 103,
        105, 107, 109, 111, 114, 117, 120, 123, 127, 130, 135, 139, 144, 149, 154, 160,
        167, 174, 181, 189, 198, 207, 217, 228, 93, 94, 94, 94, 95, 96, 97, 98,
        99, 100, 102, 104, 106, 108, 110, 113, 115, 118, 122, 125, 129, 133, 137, 142,
        147, 153, 159, 166, 173, 180, 189, 197, 207, 217, 229, 241, 93, 94, 94, 94,
        95, 96, 97, 98, 99, 101, 102, 104, 106, 109, 111, 114, 117, 120, 123, 127,
        131, 136, 141, 146, 151, 158, 164, 171, 179, 187, 196, 206, 217, 228, 241, 255, ]
    elif args.block_size == 40:
        weight_dct = [
        0, 27, 93, 93, 93, 93, 93, 93, 93, 93, 93, 93, 93, 93, 93, 93,
        93, 93, 93, 93, 93, 93, 93, 93, 93, 93, 93, 93, 93, 93, 93, 93,
        93, 93, 93, 93, 93, 93, 93, 93, 27, 93, 93, 93, 93, 93, 93, 93,
        93, 93, 93, 93, 93, 93, 93, 93, 93, 93, 93, 93, 93, 93, 93, 93,
        93, 93, 93, 93, 93, 93, 93, 93, 93, 93, 93, 93, 94, 94, 94, 94,
        93, 93, 93, 93, 93, 93, 93, 93, 93, 93, 93, 93, 93, 93, 93, 93,
        93, 93, 93, 93, 93, 93, 93, 93, 94, 94, 94, 94, 94, 94, 94, 94,
        94, 94, 94, 94, 94, 94, 94, 94, 93, 93, 93, 93, 93, 93, 93, 93,
        93, 93, 93, 93, 93, 93, 93, 93, 93, 93, 94, 94, 94, 94, 94, 94,
        94, 94, 94, 94, 94, 94, 94, 94, 94, 94, 94, 94, 94, 94, 94, 94,
        93, 93, 93, 93, 93, 93, 93, 93, 93, 93, 93, 93, 93, 93, 94, 94,
        94, 94, 94, 94, 94, 94, 94, 94, 94, 94, 94, 94, 94, 94, 94, 94,
        94, 94, 94, 95, 95, 95, 95, 95, 93, 93, 93, 93, 93, 93, 93, 93,
        93, 93, 93, 93, 94, 94, 94, 94, 94, 94, 94, 94, 94, 94, 94, 94,
        94, 94, 94, 94, 94, 95, 95, 95, 95, 95, 95, 95, 95, 95, 95, 95,
        93, 93, 93, 93, 93, 93, 93, 93, 93, 93, 94, 94, 94, 94, 94, 94,
        94, 94, 94, 94, 94, 94, 94, 94, 94, 95, 95, 95, 95, 95, 95, 95,
        95, 95, 96, 96, 96, 96, 96, 96, 93, 93, 93, 93, 93, 93, 93, 93,
        93, 94, 94, 94, 94, 94, 94, 94, 94, 94, 94, 94, 94, 94, 95, 95,
        95, 95, 95, 95, 95, 95, 96, 96, 96, 96, 96, 96, 97, 97, 97, 97,
        93, 93, 93, 93, 93, 93, 93, 93, 94, 94, 94, 94, 94, 94, 94, 94,
        94, 94, 94, 95, 95, 95, 95, 95, 95, 95, 95, 96, 96, 96, 96, 96,
        97, 97, 97, 97, 97, 98, 98, 98, 93, 93, 93, 93, 93, 93, 93, 94,
        94, 94, 94, 94, 94, 94, 94, 94, 94, 95, 95, 95, 95, 95, 95, 95,
        96, 96, 96, 96, 96, 97, 97, 97, 97, 98, 98, 98, 98, 99, 99, 99,
        93, 93, 93, 93, 93, 93, 94, 94, 94, 94, 94, 94, 94, 94, 94, 94,
        95, 95, 95, 95, 95, 95, 96, 96, 96, 96, 97, 97, 97, 97, 98, 98,
        98, 99, 99, 99, 100, 100, 100, 101, 93, 93, 93, 93, 93, 93, 94, 94,
        94, 94, 94, 94, 94, 94, 95, 95, 95, 95, 95, 95, 96, 96, 96, 96,
        97, 97, 97, 98, 98, 98, 99, 99, 99, 100, 100, 100, 101, 101, 102, 102,
        93, 93, 93, 93, 93, 94, 94, 94, 94, 94, 94, 94, 94, 95, 95, 95,
        95, 95, 96, 96, 96, 96, 97, 97, 97, 98, 98, 98, 99, 99, 99, 100,
        100, 101, 101, 102, 102, 103, 103, 104, 93, 93, 93, 93, 93, 94, 94, 94,
        94, 94, 94, 94, 95, 95, 95, 95, 95, 96, 96, 96, 97, 97, 97, 98,
        98, 98, 99, 99, 100, 100, 100, 101, 101, 102, 103, 103, 104, 104, 105, 106,
        93, 93, 93, 93, 94, 94, 94, 94, 94, 94, 94, 95, 95, 95, 95, 95,
        96, 96, 96, 97, 97, 97, 98, 98, 99, 99, 100, 100, 101, 101, 102, 102,
        103, 103, 104, 105, 105, 106, 107, 107, 93, 93, 93, 93, 94, 94, 94, 94,
        94, 94, 94, 95, 95, 95, 95, 96, 96, 96, 97, 97, 98, 98, 98, 99,
        99, 100, 100, 101, 102, 102, 103, 103, 104, 105, 106, 106, 107, 108, 109, 110,
        93, 93, 93, 93, 94, 94, 94, 94, 94, 94, 95, 95, 95, 95, 96, 96,
        96, 97, 97, 98, 98, 99, 99, 100, 100, 101, 101, 102, 103, 103, 104, 105,
        106, 106, 107, 108, 109, 110, 111, 112, 93, 93, 93, 93, 94, 94, 94, 94,
        94, 95, 95, 95, 95, 96, 96, 96, 97, 97, 98, 98, 99, 99, 100, 100,
        101, 102, 102, 103, 104, 105, 105, 106, 107, 108, 109, 110, 111, 112, 113, 114,
        93, 93, 93, 94, 94, 94, 94, 94, 94, 95, 95, 95, 96, 96, 96, 97,
        97, 98, 98, 99, 99, 100, 101, 101, 102, 103, 103, 104, 105, 106, 107, 108,
        109, 110, 111, 112, 113, 114, 116, 117, 93, 93, 93, 94, 94, 94, 94, 94,
        95, 95, 95, 95, 96, 96, 97, 97, 98, 98, 99, 99, 100, 101, 101, 102,
        103, 104, 105, 106, 106, 107, 109, 110, 111, 112, 113, 114, 116, 117, 118, 120,
        93, 93, 93, 94, 94, 94, 94, 94, 95, 95, 95, 96, 96, 97, 97, 98,
        98, 99, 99, 100, 101, 101, 102, 103, 104, 105, 106, 107, 108, 109, 110, 111,
        113, 114, 115, 117, 118, 120, 121, 123, 93, 93, 93, 94, 94, 94, 94, 94,
        95, 95, 95, 96, 96, 97, 97, 98, 99, 99, 100, 101, 101, 102, 103, 104,
        105, 106, 107, 108, 109, 111, 112, 113, 115, 116, 118, 119, 121, 123, 125, 126,
        93, 93, 93, 94, 94, 94, 94, 95, 95, 95, 96, 96, 97, 97, 98, 98,
        99, 100, 101, 101, 102, 103, 104, 105, 106, 107, 109, 110, 111, 112, 114, 115,
        117, 119, 120, 122, 124, 126, 128, 130, 93, 93, 93, 94, 94, 94, 94, 95,
        95, 95, 96, 96, 97, 98, 98, 99, 100, 100, 101, 102, 103, 104, 105, 106,
        107, 109, 110, 111, 113, 114, 116, 118, 119, 121, 123, 125, 127, 129, 132, 134,
        93, 93, 94, 94, 94, 94, 94, 95, 95, 96, 96, 97, 97, 98, 99, 99,
        100, 101, 102, 103, 104, 105, 106, 107, 109, 110, 112, 113, 115, 116, 118, 120,
        122, 124, 126, 128, 131, 133, 135, 138, 93, 93, 94, 94, 94, 94, 95, 95,
        95, 96, 96, 97, 98, 98, 99, 100, 101, 102, 103, 104, 105, 106, 107, 109,
        110, 112, 113, 115, 117, 118, 120, 122, 125, 127, 129, 132, 134, 137, 140, 143,
        93, 93, 94, 94, 94, 94, 95, 95, 95, 96, 97, 97, 98, 99, 100, 100,
        101, 102, 103, 105, 106, 107, 109, 110, 112, 113, 115, 117, 119, 121, 123, 125,
        127, 130, 132, 135, 138, 141, 144, 147, 93, 93, 94, 94, 94, 94, 95, 95,
        96, 96, 97, 98, 98, 99, 100, 101, 102, 103, 104, 106, 107, 108, 110, 111,
        113, 115, 117, 119, 121, 123, 125, 128, 130, 133, 136, 139, 142, 145, 149, 153,
        93, 93, 94, 94, 94, 94, 95, 95, 96, 96, 97, 98, 99, 100, 101, 102,
        103, 104, 105, 106, 108, 109, 111, 113, 115, 117, 119, 121, 123, 126, 128, 131,
        134, 137, 140, 143, 147, 150, 154, 158, 93, 93, 94, 94, 94, 95, 95, 95,
        96, 97, 97, 98, 99, 100, 101, 102, 103, 105, 106, 107, 109, 111, 112, 114,
        116, 118, 121, 123, 126, 128, 131, 134, 137, 140, 144, 147, 151, 155, 160, 164,
        93, 93, 94, 94, 94, 95, 95, 96, 96, 97, 98, 99, 99, 100, 102, 103,
        104, 105, 107, 109, 110, 112, 114, 116, 118, 120, 123, 125, 128, 131, 134, 137,
        141, 144, 148, 152, 156, 161, 166, 171, 93, 93, 94, 94, 94, 95, 95, 96,
        96, 97, 98, 99, 100, 101, 102, 103, 105, 106, 108, 110, 111, 113, 115, 118,
        120, 122, 125, 128, 131, 134, 137, 141, 145, 148, 153, 157, 162, 167, 172, 177,
        93, 93, 94, 94, 94, 95, 95, 96, 97, 97, 98, 99, 100, 101, 103, 104,
        106, 107, 109, 111, 113, 115, 117, 119, 122, 125, 127, 130, 134, 137, 141, 145,
        149, 153, 157, 162, 167, 173, 179, 185, 93, 93, 94, 94, 94, 95, 95, 96,
        97, 98, 99, 100, 101, 102, 103, 105, 106, 108, 110, 112, 114, 116, 119, 121,
        124, 127, 130, 133, 137, 140, 144, 148, 153, 158, 163, 168, 174, 180, 186, 193,
        93, 93, 94, 94, 94, 95, 96, 96, 97, 98, 99, 100, 101, 103, 104, 106,
        107, 109, 111, 113, 115, 118, 120, 123, 126, 129, 132, 136, 140, 144, 148, 153,
        157, 163, 168, 174, 180, 187, 194, 201, 93, 93, 94, 94, 95, 95, 96, 96,
        97, 98, 99, 100, 102, 103, 105, 106, 108, 110, 112, 114, 117, 119, 122, 125,
        128, 132, 135, 139, 143, 147, 152, 157, 162, 168, 174, 180, 187, 194, 202, 210,
        93, 94, 94, 94, 95, 95, 96, 97, 97, 98, 100, 101, 102, 104, 105, 107,
        109, 111, 113, 116, 118, 121, 124, 127, 131, 134, 138, 142, 147, 151, 156, 162,
        167, 174, 180, 187, 195, 203, 211, 220, 93, 94, 94, 94, 95, 95, 96, 97,
        98, 99, 100, 101, 103, 104, 106, 108, 110, 112, 114, 117, 120, 123, 126, 129,
        133, 137, 141, 145, 150, 155, 161, 167, 173, 180, 187, 194, 203, 211, 221, 231,
        93, 94, 94, 94, 95, 95, 96, 97, 98, 99, 100, 102, 103, 105, 107, 109,
        111, 113, 116, 118, 121, 125, 128, 132, 135, 140, 144, 149, 154, 160, 166, 172,
        179, 186, 194, 202, 211, 221, 231, 242, 93, 94, 94, 94, 95, 95, 96, 97,
        98, 99, 101, 102, 104, 106, 107, 110, 112, 114, 117, 120, 123, 126, 130, 134,
        138, 143, 147, 153, 158, 164, 171, 177, 185, 193, 201, 210, 220, 231, 242, 255, ]
    elif args.block_size == 44:
        weight_dct = [
        0, 27, 93, 93, 93, 93, 93, 93, 93, 93, 93, 93, 93, 93, 93, 93,
        93, 93, 93, 93, 93, 93, 93, 93, 93, 93, 93, 93, 93, 93, 93, 93,
        93, 93, 93, 93, 93, 93, 93, 93, 93, 93, 93, 93, 27, 93, 93, 93,
        93, 93, 93, 93, 93, 93, 93, 93, 93, 93, 93, 93, 93, 93, 93, 93,
        93, 93, 93, 93, 93, 93, 93, 93, 93, 93, 93, 93, 93, 93, 93, 93,
        93, 93, 93, 93, 93, 93, 93, 94, 93, 93, 93, 93, 93, 93, 93, 93,
        93, 93, 93, 93, 93, 93, 93, 93, 93, 93, 93, 93, 93, 93, 93, 93,
        93, 93, 93, 93, 93, 94, 94, 94, 94, 94, 94, 94, 94, 94, 94, 94,
        94, 94, 94, 94, 93, 93, 93, 93, 93, 93, 93, 93, 93, 93, 93, 93,
        93, 93, 93, 93, 93, 93, 93, 93, 93, 94, 94, 94, 94, 94, 94, 94,
        94, 94, 94, 94, 94, 94, 94, 94, 94, 94, 94, 94, 94, 94, 94, 94,
        93, 93, 93, 93, 93, 93, 93, 93, 93, 93, 93, 93, 93, 93, 93, 93,
        93, 94, 94, 94, 94, 94, 94, 94, 94, 94, 94, 94, 94, 94, 94, 94,
        94, 94, 94, 94, 94, 94, 94, 94, 94, 94, 94, 95, 93, 93, 93, 93,
        93, 93, 93, 93, 93, 93, 93, 93, 93, 93, 94, 94, 94, 94, 94, 94,
        94, 94, 94, 94, 94, 94, 94, 94, 94, 94, 94, 94, 94, 94, 94, 94,
        95, 95, 95, 95, 95, 95, 95, 95, 93, 93, 93, 93, 93, 93, 93, 93,
        93, 93, 93, 93, 94, 94, 94, 94, 94, 94, 94, 94, 94, 94, 94, 94,
        94, 94, 94, 94, 94, 94, 94, 95, 95, 95, 95, 95, 95, 95, 95, 95,
        95, 95, 96, 96, 93, 93, 93, 93, 93, 93, 93, 93, 93, 93, 94, 94,
        94, 94, 94, 94, 94, 94, 94, 94, 94, 94, 94, 94, 94, 94, 94, 95,
        95, 95, 95, 95, 95, 95, 95, 95, 96, 96, 96, 96, 96, 96, 96, 96,
        93, 93, 93, 93, 93, 93, 93, 93, 93, 94, 94, 94, 94, 94, 94, 94,
        94, 94, 94, 94, 94, 94, 94, 94, 95, 95, 95, 95, 95, 95, 95, 95,
        96, 96, 96, 96, 96, 96, 96, 97, 97, 97, 97, 97, 93, 93, 93, 93,
        93, 93, 93, 93, 94, 94, 94, 94, 94, 94, 94, 94, 94, 94, 94, 94,
        94, 95, 95, 95, 95, 95, 95, 95, 95, 96, 96, 96, 96, 96, 96, 97,
        97, 97, 97, 97, 98, 98, 98, 98, 93, 93, 93, 93, 93, 93, 93, 94,
        94, 94, 94, 94, 94, 94, 94, 94, 94, 94, 94, 95, 95, 95, 95, 95,
        95, 95, 96, 96, 96, 96, 96, 96, 97, 97, 97, 97, 98, 98, 98, 98,
        99, 99, 99, 99, 93, 93, 93, 93, 93, 93, 93, 94, 94, 94, 94, 94,
        94, 94, 94, 94, 94, 94, 95, 95, 95, 95, 95, 95, 96, 96, 96, 96,
        96, 97, 97, 97, 97, 98, 98, 98, 98, 99, 99, 99, 100, 100, 100, 101,
        93, 93, 93, 93, 93, 93, 94, 94, 94, 94, 94, 94, 94, 94, 94, 94,
        95, 95, 95, 95, 95, 95, 96, 96, 96, 96, 96, 97, 97, 97, 97, 98,
        98, 98, 99, 99, 99, 100, 100, 100, 101, 101, 101, 102, 93, 93, 93, 93,
        93, 93, 94, 94, 94, 94, 94, 94, 94, 94, 94, 95, 95, 95, 95, 95,
        95, 96, 96, 96, 96, 97, 97, 97, 98, 98, 98, 98, 99, 99, 100, 100,
        100, 101, 101, 101, 102, 102, 103, 103, 93, 93, 93, 93, 93, 94, 94, 94,
        94, 94, 94, 94, 94, 94, 95, 95, 95, 95, 95, 96, 96, 96, 96, 97,
        97, 97, 98, 98, 98, 99, 99, 99, 100, 100, 100, 101, 101, 102, 102, 103,
        103, 104, 104, 105, 93, 93, 93, 93, 93, 94, 94, 94, 94, 94, 94, 94,
        94, 95, 95, 95, 95, 95, 96, 96, 96, 96, 97, 97, 97, 98, 98, 98,
        99, 99, 100, 100, 101, 101, 101, 102, 103, 103, 104, 104, 105, 105, 106, 107,
        93, 93, 93, 93, 93, 94, 94, 94, 94, 94, 94, 94, 95, 95, 95, 95,
        95, 96, 96, 96, 97, 97, 97, 98, 98, 98, 99, 99, 100, 100, 101, 101,
        102, 102, 103, 103, 104, 104, 105, 106, 106, 107, 108, 108, 93, 93, 93, 93,
        94, 94, 94, 94, 94, 94, 94, 94, 95, 95, 95, 95, 96, 96, 96, 97,
        97, 97, 98, 98, 99, 99, 99, 100, 100, 101, 101, 102, 103, 103, 104, 104,
        105, 106, 106, 107, 108, 109, 110, 110, 93, 93, 93, 93, 94, 94, 94, 94,
        94, 94, 94, 95, 95, 95, 95, 96, 96, 96, 97, 97, 97, 98, 98, 99,
        99, 100, 100, 101, 101, 102, 102, 103, 104, 104, 105, 106, 107, 107, 108, 109,
        110, 111, 112, 113, 93, 93, 93, 93, 94, 94, 94, 94, 94, 94, 95, 95,
        95, 95, 96, 96, 96, 97, 97, 97, 98, 98, 99, 99, 100, 100, 101, 101,
        102, 103, 103, 104, 105, 106, 106, 107, 108, 109, 110, 111, 112, 113, 114, 115,
        93, 93, 93, 93, 94, 94, 94, 94, 94, 94, 95, 95, 95, 95, 96, 96,
        97, 97, 97, 98, 98, 99, 99, 100, 100, 101, 102, 102, 103, 104, 105, 105,
        106, 107, 108, 109, 110, 111, 112, 113, 114, 115, 116, 117, 93, 93, 93, 94,
        94, 94, 94, 94, 94, 95, 95, 95, 95, 96, 96, 96, 97, 97, 98, 98,
        99, 99, 100, 101, 101, 102, 103, 103, 104, 105, 106, 107, 107, 108, 109, 110,
        111, 113, 114, 115, 116, 117, 119, 120, 93, 93, 93, 94, 94, 94, 94, 94,
        94, 95, 95, 95, 96, 96, 96, 97, 97, 98, 98, 99, 99, 100, 101, 101,
        102, 103, 103, 104, 105, 106, 107, 108, 109, 110, 111, 112, 113, 115, 116, 117,
        118, 120, 121, 123, 93, 93, 93, 94, 94, 94, 94, 94, 94, 95, 95, 95,
        96, 96, 97, 97, 98, 98, 99, 99, 100, 101, 101, 102, 103, 104, 104, 105,
        106, 107, 108, 109, 110, 112, 113, 114, 115, 117, 118, 119, 121, 123, 124, 126,
        93, 93, 93, 94, 94, 94, 94, 94, 95, 95, 95, 96, 96, 96, 97, 97,
        98, 99, 99, 100, 100, 101, 102, 103, 104, 105, 105, 106, 107, 108, 110, 111,
        112, 113, 115, 116, 117, 119, 120, 122, 124, 125, 127, 129, 93, 93, 93, 94,
        94, 94, 94, 94, 95, 95, 95, 96, 96, 97, 97, 98, 98, 99, 100, 100,
        101, 102, 103, 104, 105, 105, 106, 108, 109, 110, 111, 112, 114, 115, 117, 118,
        120, 121, 123, 125, 127, 128, 130, 133, 93, 93, 93, 94, 94, 94, 94, 94,
        95, 95, 96, 96, 96, 97, 98, 98, 99, 99, 100, 101, 102, 103, 103, 104,
        105, 106, 108, 109, 110, 111, 113, 114, 115, 117, 119, 120, 122, 124, 126, 128,
        130, 132, 134, 136, 93, 93, 93, 94, 94, 94, 94, 95, 95, 95, 96, 96,
        97, 97, 98, 98, 99, 100, 101, 101, 102, 103, 104, 105, 106, 108, 109, 110,
        111, 113, 114, 116, 117, 119, 121, 123, 124, 126, 128, 131, 133, 135, 138, 140,
        93, 93, 93, 94, 94, 94, 94, 95, 95, 95, 96, 96, 97, 98, 98, 99,
        100, 100, 101, 102, 103, 104, 105, 106, 107, 109, 110, 111, 113, 114, 116, 118,
        119, 121, 123, 125, 127, 129, 131, 134, 136, 139, 142, 144, 93, 93, 94, 94,
        94, 94, 94, 95, 95, 96, 96, 97, 97, 98, 99, 99, 100, 101, 102, 103,
        104, 105, 106, 107, 108, 110, 111, 113, 114, 116, 118, 119, 121, 123, 125, 128,
        130, 132, 135, 137, 140, 143, 146, 149, 93, 93, 94, 94, 94, 94, 94, 95,
        95, 96, 96, 97, 97, 98, 99, 100, 101, 101, 102, 103, 105, 106, 107, 108,
        110, 111, 113, 114, 116, 118, 120, 121, 124, 126, 128, 130, 133, 135, 138, 141,
        144, 147, 150, 154, 93, 93, 94, 94, 94, 94, 95, 95, 95, 96, 96, 97,
        98, 98, 99, 100, 101, 102, 103, 104, 105, 107, 108, 109, 111, 112, 114, 116,
        118, 119, 121, 124, 126, 128, 131, 133, 136, 139, 142, 145, 148, 151, 155, 159,
        93, 93, 94, 94, 94, 94, 95, 95, 96, 96, 97, 97, 98, 99, 100, 101,
        102, 103, 104, 105, 106, 107, 109, 110, 112, 114, 115, 117, 119, 121, 124, 126,
        128, 131, 133, 136, 139, 142, 145, 149, 152, 156, 160, 164, 93, 93, 94, 94,
        94, 94, 95, 95, 96, 96, 97, 98, 98, 99, 100, 101, 102, 103, 104, 106,
        107, 108, 110, 112, 113, 115, 117, 119, 121, 123, 126, 128, 131, 133, 136, 139,
        143, 146, 149, 153, 157, 161, 165, 170, 93, 93, 94, 94, 94, 94, 95, 95,
        96, 96, 97, 98, 99, 100, 100, 101, 103, 104, 105, 106, 108, 109, 111, 113,
        115, 117, 119, 121, 123, 125, 128, 131, 133, 136, 139, 143, 146, 150, 154, 158,
        162, 166, 171, 176, 93, 93, 94, 94, 94, 94, 95, 95, 96, 97, 97, 98,
        99, 100, 101, 102, 103, 104, 106, 107, 109, 110, 112, 114, 116, 118, 120, 123,
        125, 128, 130, 133, 136, 139, 143, 146, 150, 154, 158, 163, 167, 172, 177, 183,
        93, 93, 94, 94, 94, 95, 95, 96, 96, 97, 98, 98, 99, 100, 101, 103,
        104, 105, 107, 108, 110, 111, 113, 115, 117, 120, 122, 124, 127, 130, 133, 136,
        139, 143, 146, 150, 154, 158, 163, 168, 173, 178, 184, 190, 93, 93, 94, 94,
        94, 95, 95, 96, 96, 97, 98, 99, 100, 101, 102, 103, 104, 106, 107, 109,
        111, 113, 115, 117, 119, 121, 124, 126, 129, 132, 135, 139, 142, 146, 150, 154,
        158, 163, 168, 173, 179, 185, 191, 197, 93, 93, 94, 94, 94, 95, 95, 96,
        96, 97, 98, 99, 100, 101, 102, 104, 105, 106, 108, 110, 112, 114, 116, 118,
        120, 123, 126, 128, 131, 135, 138, 142, 145, 149, 154, 158, 163, 168, 173, 179,
        185, 191, 198, 205, 93, 93, 94, 94, 94, 95, 95, 96, 97, 97, 98, 99,
        100, 101, 103, 104, 106, 107, 109, 111, 113, 115, 117, 119, 122, 125, 128, 131,
        134, 137, 141, 145, 149, 153, 158, 163, 168, 173, 179, 185, 192, 199, 206, 214,
        93, 93, 94, 94, 94, 95, 95, 96, 97, 98, 99, 100, 101, 102, 103, 105,
        106, 108, 110, 112, 114, 116, 118, 121, 124, 127, 130, 133, 136, 140, 144, 148,
        152, 157, 162, 167, 173, 179, 185, 192, 199, 206, 214, 223, 93, 93, 94, 94,
        94, 95, 95, 96, 97, 98, 99, 100, 101, 102, 104, 105, 107, 109, 111, 113,
